-9 -9
-9 -18
-9 -27
-9 -36
-9 -45
-9 -54
-9 -63
-9 -72
-9 -81
-9 -90
-39 89
64 -48
85 -10
-78 76
-22 -5
-30 -58
-51 15
-47 -11
98 -47
53 -81
-27 -9
-27 -18
-27 -27
-27 -36
-27 -45
-27 -54
-27 -63
-27 -72
-27 -81
-27 -90
-58 89
78 35
-50 -71
80 -90
-13 25
-93 18
65 -8
25 -6
53 54
11 75
-45 -9
-45 -18
-45 -27
-45 -36
-45 -45
-45 -54
-45 -63
-45 -72
-45 -81
-45 -90
23 -95
-90 26
28 30
27 22
-49 37
18 22
-2 18
41 -9
-16 -73
-71 37
-63 -9
-63 -18
-63 -27
-63 -36
-63 -45
-63 -54
-63 -63
-63 -72
-63 -81
-63 -90
-51 -80
-92 21
-33 -56
-90 5
99 -63
53 -10
73 -38
57 76
-53 -36
80 -100
-81 -9
-81 -18
-81 -27
-81 -36
-81 -45
-81 -54
-81 -63
-81 -72
-81 -81
-81 -90
-99 53
64 6
2 58
-66 70
90 73
-69 -47
-42 -67
-5 71
63 -48
32 45
