28 12
10 98
49 66
56 67
25 43
7 83
96 56
38 91
23 31
61 19
4 13
39 97
52 65
83 44
76 57
37 21
27 54
55 19
22 62
99 41
60 65
23 5
26 74
37 94
66 20
14 90
77 57
2 79
31 20
34 63
47 75
26 93
100 30
45 62
24 72
66 71
39 69
6 22
63 3
6 20
40 70
79 24
72 7
21 92
63 41
51 48
52 56
26 64
89 54
36 49
33 61
80 42
85 99
34 62
42 30
6 69
63 22
63 83
80 36
1 9
45 18
69 17
32 89
7 7
62 20
75 52
58 29
15 49
21 61
64 50
15 81
31 10
48 4
77 36
79 96
80 29
10 68
70 15
85 79
29 26
16 97
77 35
36 24
51 40
19 76
84 44
81 18
74 64
55 39
13 61
61 32
91 71
78 84
94 54
45 63
63 16
77 72
51 85
52 52
86 60
